**************************************************
file with basedata : 
Number of Instance : 5
**************************************************



**********************************************************************************************************************************
PROJECT INFORMATION:
InstanceNum   #jobs   #Ressource   #Zone   #Complexity   RF      RSZ    RSR    AF  
    0           52        19         4       1.11        0.25    0.30   0.30   0.76
**********************************************************************************************************************************
PRECEDENCE RELATIONS:
jobnr.  #modes   #predecessors    predecessors                     #resources  #resources
   0      1           0                                              19         1  2  3  4  5  6  7  8  9 10 11 12 13 14 15 16 17 18 19
   1      3           1             0                                19        11  6 15  5  7 17 10  2 13  3  4  9 19 18  1  8 14 12 16
   2      2           1             0                                16         4  8  3 18  5  1 13  2 11 10  7 12 17  9 15  6
   3      4           1             0                                19         5  7 14  3 11  6 13  4 12  2  9 16 10 19 18 15  1 17  8
   4      4           1             0                                19         8 15  6 12  4  7 18 14 11 16  3  5 13 19 17  9 10  1  2
   5      3           1             0                                18        11 12 13  7 16  4  9 18  3 19 15  8 14 10  6  5  1 17
   6      2           1             0                                15         8 17 13  3  2 12  4  5  1 15  7 10 16 18 14
   7      2           1             0                                19         8 16 10 13  6  9  7 12  3 15  5 14 17 18  1 19  2  4 11
   8      3           1             0                                19        13 18 16 12 19  6  3 17  2  8 10  7 14 15  9  1  4 11  5
   9      4           1             1                                19         2 12 16  6 19 13  9  1 18 15 11 17  8  3  4  7 10 14  5
  10      3           1             6                                18         9 12 16 11 15 19 18  2  5  8  4  3 17 10 14  1 13  7
  11      3           1             7                                17        17 13  5  8  1  6  9 11 12 15 10 16  2  7 14 18 19
  12      3           1             9                                16         9 17 12 11  2 18 15  7  4 13  1 19 14  5 16  3
  13      2           1            11                                19         9 14  4 16  3 17  8 10  1 15 12 19  2 13 18  6  5 11  7
  14      3           1            11                                12        10 13  5 12  1  6 11 14  2 15  9 16
  15      4           1            10                                18        13 10 11 19  5 17  6  3  8  7 14  9  2  4  1 16 18 12
  16      3           1             4                                13        10  9  2  4 12  7 13 16  6  8 17 19 14
  17      2           1            14                                13         7 11  6 18  2 15  3 14 16  1 19 13  8
  18      2           1            15                                13         6 13 16  7 10  9  5  8  2  3 14 11 18
  19      2           1            17                                15         6  8  3 19 15 17 14 11 16 13  1  5  4 18  9
  20      3           1            18                                17         8  3 13 11 15 12 18  9  1  7 19  2 16  6 10  5 14
  21      4           1            19                                14        15 19 11  3  4  6  8 12  9 13  7  5 17  2
  22      2           1            12                                15        10 18 19 17 16  5 11  2 14 13  7  4  9 15  8
  23      4           1             3                                15         9 12  6 10  7 13 14  1  4 16 18  2 11  8  3
  24      4           1            22                                19        14  9  4  7  1  5 18 16 17 10 19  6 11 12 15  8  3 13  2
  25      3           1            21                                19        11 17 19 15  4  8 14 10  9  3 18  7 12  1  6 16  5 13  2
  26      3           1            23                                19        17  3 12 15  8  4  5 19  6 10  2  9 18 13 14  7 16 11  1
  27      2           1            25                                16        13  3 16  8 18 14  9  6 15 12  2  1 10 19  4  7
  28      4           1            24                                19        11 18 16 12  4  2 15 14 19 17  5 10 13  3  9  8  1  6  7
  29      4           1            26                                19        19 15 17  1  5  9 12  8 11  7  2  4 10 14  3 16  6 13 18
  30      2           1            28                                18         7 19  4 17 10 16 15 11  9 18  3  6  8  2  1 14 13  5
  31      2           1            20                                13        19  1  4 13 12 18 14 16 17  5  2  8  6
  32      2           1            29                                15        11  3  5  6 13 14 16 19 12  9  1  2 17 10 18
  33      3           2            13   30                           15        14  4 16 12 19 15  8 18  1 17 10 11 13  5  9
  34      2           1            32                                17         6 14  3 15 10  5  1  7 17  9 11 12 16  8 18 13  2
  35      2           1            27                                19        18  7 16  4  1 13 15  2  3 17 11  9  6  8 14 10 12  5 19
  36      2           1            31                                16         7 17  2 10 12  4  6  9 11  8 13 15  1  5 16 19
  37      3           1            34                                17         1 19 14 17  3 18  8 16 11  2 10 15  6  4  5  9  7
  38      3           1            26                                17         6  1  5  9 16  7 18 11  3 19 12 14  4 15 13  8 10
  39      3           3             8   33   35                      19         8 10  7  3  9  5  1  2 16 18 19 11  6 15  4 13 17 12 14
  40      4           1            38                                18        16  5  6  8  4  1 11  3 13  2 17 10 14  7 12 15 19 18
  41      4           1            36                                19        12  9  3  4  8  6 10 17 18 14 11 15 19  5  2 13 16  7  1
  42      3           1            30                                11         9 17  3 14 16  2  5 10 15 12  8
  43      2           1            41                                19         2  4  3  5 10  1 17 14 18  7 19 16 13  6 15 11 12  9  8
  44      3           2            16   35                           19         5  8 16  3  9  1  7 13  4 19 15 10 17 14  2 11 12  6 18
  45      3           1            39                                14        11 15 13 17 18  3 14  8 10  5  4 12 19  7
  46      4           1            40                                19        17  2 19  6 10  5 12 18 13  9  1 11 16 15  3  8 14  7  4
  47      2           1            44                                19        18  7 13  9 14 12  5 10  8  3  4  2 16 19 15  6 11  1 17
  48      4           1            43                                14        19  6  5  1 18 13 17 15  2  9  7  4 11 14
  49      3           1            37                                19         3  2  9  6 12 11  7 14  1 10  8 17 15 18  5  4 16 19 13
  50      2           3             2    5   42                      19         4 15  5 19 10 17  3  7 18 16  8  6 13 11 12 14  2  9  1
  51      1           6            45   46   47   48   49   50       19         1  2  3  4  5  6  7  8  9 10 11 12 13 14 15 16 17 18 19
**********************************************************************************************************************************
REQUESTS/DURATIONS:
jobnr. mode  duration    W 1   W 2   W 3   W 4   
------------------------------------------------
   0     1      0         9     9    13    10
   1     1     19         0     0     0     2
         2     13         0     0     0     3
         3      4         0     0     0     5
   2     1      9         0     3     0     0
         2      4         0     4     0     0
   3     1     26         0     0     3     0
         2     23         0     0     5     0
         3     14         0     0     7     0
         4     10         0     0     8     0
   4     1     22         0     0     0     2
         2     20         0     0     0     4
         3     10         0     0     0     6
         4      5         0     0     0     7
   5     1     23         0     0     0     3
         2     17         0     0     0     4
         3      7         0     0     0     6
   6     1     12         0     0     3     0
         2      2         0     0     4     0
   7     1     13         2     0     0     0
         2     10         3     0     0     0
   8     1      9         2     0     0     0
         2      8         3     0     0     0
         3      7         4     0     0     0
   9     1     21         3     0     0     0
         2     12         4     0     0     0
         3      9         6     0     0     0
         4      8         7     0     0     0
  10     1     22         0     2     0     0
         2     14         0     4     0     0
         3      4         0     6     0     0
  11     1     24         0     0     2     0
         2     16         0     0     4     0
         3      8         0     0     5     0
  12     1      5         2     0     0     0
         2      4         4     0     0     0
         3      2         5     0     0     0
  13     1     11         0     0     0     3
         2      6         0     0     0     5
  14     1     17         0     0     3     0
         2     13         0     0     4     0
         3      8         0     0     5     0
  15     1     20         0     3     0     0
         2     14         0     4     0     0
         3      8         0     6     0     0
         4      1         0     7     0     0
  16     1     18         0     0     0     2
         2     10         0     0     0     4
         3      3         0     0     0     5
  17     1      4         3     0     0     0
         2      1         4     0     0     0
  18     1      7         0     0     0     3
         2      3         0     0     0     4
  19     1     10         0     3     0     0
         2      7         0     5     0     0
  20     1     16         0     0     0     3
         2      9         0     0     0     5
         3      5         0     0     0     6
  21     1     23         0     0     2     0
         2     22         0     0     3     0
         3     19         0     0     5     0
         4     10         0     0     7     0
  22     1     12         3     0     0     0
         2      7         4     0     0     0
  23     1     19         0     0     3     0
         2     14         0     0     4     0
         3     11         0     0     5     0
         4      8         0     0     6     0
  24     1     24         0     0     0     2
         2     22         0     0     0     3
         3     18         0     0     0     5
         4     10         0     0     0     6
  25     1     18         0     0     0     3
         2     13         0     0     0     4
         3      7         0     0     0     6
  26     1     21         0     0     3     0
         2     18         0     0     5     0
         3      9         0     0     7     0
  27     1      8         0     2     0     0
         2      6         0     4     0     0
  28     1     32         0     0     2     0
         2     24         0     0     3     0
         3     15         0     0     5     0
         4      8         0     0     7     0
  29     1     22         2     0     0     0
         2     17         3     0     0     0
         3      8         5     0     0     0
         4      5         6     0     0     0
  30     1     13         0     0     3     0
         2      4         0     0     5     0
  31     1     16         2     0     0     0
         2      9         3     0     0     0
  32     1     10         0     2     0     0
         2      6         0     4     0     0
  33     1     16         0     0     2     0
         2      7         0     0     4     0
         3      6         0     0     6     0
  34     1     18         0     0     3     0
         2     10         0     0     5     0
  35     1      9         0     3     0     0
         2      3         0     5     0     0
  36     1      7         0     0     0     2
         2      1         0     0     0     3
  37     1     17         0     3     0     0
         2     10         0     4     0     0
         3      4         0     5     0     0
  38     1     20         0     0     2     0
         2     11         0     0     4     0
         3      2         0     0     6     0
  39     1     20         2     0     0     0
         2     16         4     0     0     0
         3      7         5     0     0     0
  40     1      8         2     0     0     0
         2      7         4     0     0     0
         3      4         5     0     0     0
         4      2         6     0     0     0
  41     1     28         0     0     3     0
         2     27         0     0     5     0
         3     17         0     0     7     0
         4      8         0     0     9     0
  42     1     10         0     0     2     0
         2      9         0     0     3     0
         3      4         0     0     4     0
  43     1     15         0     0     0     2
         2      5         0     0     0     4
  44     1     10         0     0     3     0
         2      8         0     0     5     0
         3      5         0     0     7     0
  45     1      8         0     0     2     0
         2      2         0     0     4     0
         3      1         0     0     5     0
  46     1     27         0     3     0     0
         2     17         0     5     0     0
         3      8         0     6     0     0
         4      1         0     7     0     0
  47     1     12         0     2     0     0
         2      9         0     3     0     0
  48     1     30         0     0     0     2
         2     21         0     0     0     3
         3     16         0     0     0     4
         4      7         0     0     0     5
  49     1     16         0     0     0     2
         2      9         0     0     0     4
         3      4         0     0     0     6
  50     1     14         0     0     0     3
         2      4         0     0     0     4
  51     1      0         9     9    13    10
------------------------------------------------


*************************************************************************************************************************************
PROJECT INFORMATION:
InstanceNum   #jobs   #Ressource   #Zone   #Complexity   RF      RSZ    RSR    AF  
    1           52        20         4       1.09        0.25    0.30   0.30   0.76
*************************************************************************************************************************************
PRECEDENCE RELATIONS:
jobnr.  #modes   #predecessors    predecessors                     #resources  #resources
   0      1           0                                              20         1  2  3  4  5  6  7  8  9 10 11 12 13 14 15 16 17 18 19 20
   1      2           1             0                                20        18  7 14 12  2 15 17 20 11  4  3  9  6  5  1 10 13 16  8 19
   2      2           1             0                                18         2  6 12  5 16 18 10  3  8 15 17 20 13  7 14 19  4  9
   3      2           1             0                                20        13 20 18  8 19  4 10 15  5 16  9 14 12 11  1  6  3  2 17  7
   4      3           1             0                                20        18  2 20  6  7  5  1 17 15 16 19 14  8 11 12  4 13 10  3  9
   5      2           1             0                                19         2 16 17 12 11 19  7  5  1  4  6 15 18 14  9 13 10  3 20
   6      4           1             0                                17         6 17 18 14  1  9 13  5 10 19  2  3  7 12 11 20  4
   7      3           1             0                                20        15  5 19 14 13  4 12 20 18 10  1  2 16  8  7  6 17  3 11  9
   8      2           1             3                                18         6  8 19  3 17  2 18  7 10 15  1 20 12 13  4 11 16  5
   9      4           1             4                                20         1  4 13  2 20  5  3 19  8 16  9 14 15 11 12 10 17  6 18  7
  10      3           1             9                                15        10 15 14  6  7  3 16 20 11 17 12 19  8  1  5
  11      3           1             8                                17         9 17 20 15  7 10 18  8 12  1  4 16 11  3 14  2  6
  12      2           1            10                                16         8 18 20  3 16 14  4 19  6 11  7  1 17  2  5  9
  13      4           1             1                                20        19  1 12  7 13 16  9 15 10  5 14  6 11 18 17 20  2  4  8  3
  14      4           1            11                                19         4  3 18 19 12 11 14  6 10 20 15  7  1  9  8  2 13 17 16
  15      4           1             2                                20        10 14 17  6  1 13  7  8  3 18 20 16  5 11 12 15 19  4  9  2
  16      4           1            13                                19         2  4 20 14 17 19  7 13 12 11 15  3 10  8 18  6 16  1  9
  17      4           1            14                                18         7  4  9 13  1 12 18 16 11 20 14  8  5 15  2 10  3 17
  18      4           1            16                                13         1 18 11  4  3 15 10  9 20 12  5  6 16
  19      4           1            16                                17        14 18 13 20 10 15  3 17 12 16  6 19 11  5  8  9  4
  20      2           1             5                                13        17 20 10 15 14  8 18 16 13  6 19  2  7
  21      4           1            19                                20         5 20 15 17  7 14  9 13  6  2  8 18 12 19  4  3 16 10  1 11
  22      2           1            19                                13        16  2  5 19 11  6 20 14  3 15 13  9  7
  23      3           1            12                                19        15 11  9 14 20 13 16  5 17  1 10  7 12  3 19  8  6  2 18
  24      2           1            22                                15         4  7 12  1 15 16 17  2 18 13  5 14  9  6 19
  25      4           1             7                                17         1 14 11  4  6 19 18 17 10  5  2 12  9  7 13  3 20
  26      3           1            24                                16        18 13 15  7 16 17 11 14  1  3  8  9  4 10 20  2
  27      4           1             6                                20         9 17 11  5  1  8 19  3  7 13 12 14 16 20  2 18  6 15 10  4
  28      4           1            21                                20         9  2 13 20  7  3  8 12 17 11 10  5  6 14  4 15 16 18 19  1
  29      4           1            15                                17        19 18 20 16  9 17 13  6  5 10  2 12  7  1 15 11  4
  30      3           1            28                                16        14  1 20  6 12  5 19  4  9 10 15 13 17 16  7  8
  31      4           1            30                                20         3  1 19  9 10  7  8  5  6  4 16 15 17 11 12 18  2 13 14 20
  32      2           1            25                                19        18 14 19  3 16 20  7 13  1  8  5  6  9 12 10  4 17 15  2
  33      4           1            27                                18         2  5 15 17 11 18  7  1 10  6  4  3 19 20 13  8 12  9
  34      3           1            32                                11         4 12 18 10  5 16 13 19 11  1  9
  35      3           1            34                                20        14  3  4 20  6  1  8 15  7  2 19 18  5 11 17 10 16 13  9 12
  36      4           3            29   17   26                      13        17 16 10  8 12  1 15  3  4 11  7 19 13
  37      2           1            18                                13         9  4 13  2  5  8 10  6 16 11  7  1 19
  38      4           1            37                                20        14  6  9  3  1 17 13  8  7  4  2  5 15 16 11 18 19 10 20 12
  39      3           1            10                                18         5 11 13  6 19  3  8 14 15  4 18 20  9  2 12  7  1 10
  40      2           1            31                                19        12  7 11 14 20  5 15  4  8 18 10 17 13  9  6 19  3  2 16
  41      3           1            40                                13         6 11  7 13  5 16 15 20  3 14  8  4  9
  42      4           1            41                                20        18 13  5  7  1  9 10 19 12 14  4 11 16  6 17  3 15  2 20  8
  43      3           1            36                                20        16  6  8 10  4 14 19 12  9 13  3 15  2 17 18 11  7  1  5 20
  44      3           1            20                                19         3 11  7 13  9 15 20  2 19 17 10 12  1  8 14 16  4 18  5
  45      2           1            43                                17         1 12 14 16  8  6  7 11 15 20 18 13 17  3  5 10 19
  46      4           2            35   37                           20        17 11 10  3  2 20  7  1  5  8 16 15  4  6  9 18 19 13 14 12
  47      2           3            33   34   42                      12        10 14 15  6 18 11 13  3  1 16  5 17
  48      3           1            23                                15         3 18 13  4  2 10  7 14 17  6 19 12 15 16  9
  49      3           1            44                                16        16  9  4  8 10  2 18  7 12  5  1 13  3 20 11 17
  50      3           2            39   38                           16        16 15 18 19  3  4 12  7  2 17  8  6 11 14 13  1
  51      1           6            45   46   47   48   49   50       20         1  2  3  4  5  6  7  8  9 10 11 12 13 14 15 16 17 18 19 20
*************************************************************************************************************************************
REQUESTS/DURATIONS:
jobnr. mode  duration    W 1   W 2   W 3   W 4   
------------------------------------------------
   0     1      0        11    16    11    14
   1     1     12         3     0     0     0
         2      7         4     0     0     0
   2     1     11         2     0     0     0
         2      7         4     0     0     0
   3     1     18         0     0     2     0
         2     10         0     0     4     0
   4     1     13         0     3     0     0
         2     12         0     4     0     0
         3      5         0     6     0     0
   5     1     17         0     0     0     3
         2      9         0     0     0     4
   6     1     32         0     0     3     0
         2     24         0     0     5     0
         3     15         0     0     6     0
         4      6         0     0     8     0
   7     1     15         0     0     0     2
         2      5         0     0     0     3
         3      4         0     0     0     5
   8     1      8         0     0     3     0
         2      5         0     0     4     0
   9     1     26         0     0     3     0
         2     22         0     0     4     0
         3     16         0     0     5     0
         4     10         0     0     7     0
  10     1     20         0     3     0     0
         2     12         0     5     0     0
         3      6         0     7     0     0
  11     1     21         0     2     0     0
         2     11         0     4     0     0
         3      5         0     5     0     0
  12     1     11         0     0     0     2
         2      4         0     0     0     3
  13     1     27         0     2     0     0
         2     17         0     4     0     0
         3     13         0     6     0     0
         4      5         0     7     0     0
  14     1     25         0     0     0     2
         2     18         0     0     0     4
         3     16         0     0     0     6
         4      7         0     0     0     8
  15     1     24         0     0     0     3
         2     17         0     0     0     5
         3     12         0     0     0     7
         4      5         0     0     0     8
  16     1     19         2     0     0     0
         2     16         3     0     0     0
         3     11         4     0     0     0
         4      7         5     0     0     0
  17     1     16         0     3     0     0
         2     13         0     5     0     0
         3      5         0     6     0     0
         4      3         0     7     0     0
  18     1     22         0     0     0     2
         2     21         0     0     0     3
         3     13         0     0     0     4
         4      6         0     0     0     6
  19     1     20         0     2     0     0
         2     10         0     3     0     0
         3      7         0     4     0     0
         4      2         0     5     0     0
  20     1      5         0     2     0     0
         2      2         0     3     0     0
  21     1     34         3     0     0     0
         2     25         4     0     0     0
         3     16         6     0     0     0
         4      7         8     0     0     0
  22     1     16         0     0     3     0
         2      8         0     0     5     0
  23     1     21         0     3     0     0
         2     20         0     5     0     0
         3     10         0     7     0     0
  24     1     14         0     0     0     3
         2      7         0     0     0     4
  25     1     15         0     2     0     0
         2     14         0     4     0     0
         3     13         0     6     0     0
         4      9         0     7     0     0
  26     1     13         0     0     0     2
         2      3         0     0     0     4
         3      2         0     0     0     5
  27     1     20         0     0     2     0
         2     18         0     0     4     0
         3     10         0     0     6     0
         4      2         0     0     7     0
  28     1     23         0     0     0     2
         2     17         0     0     0     4
         3     10         0     0     0     5
         4      3         0     0     0     7
  29     1     21         0     0     2     0
         2     13         0     0     3     0
         3      5         0     0     5     0
         4      3         0     0     6     0
  30     1     13         0     0     0     2
         2      7         0     0     0     4
         3      1         0     0     0     5
  31     1     27         0     0     0     2
         2     24         0     0     0     3
         3     14         0     0     0     4
         4      5         0     0     0     6
  32     1     19         2     0     0     0
         2      9         4     0     0     0
  33     1     17         3     0     0     0
         2     15         4     0     0     0
         3      9         6     0     0     0
         4      5         8     0     0     0
  34     1      9         2     0     0     0
         2      6         3     0     0     0
         3      1         4     0     0     0
  35     1     12         0     0     0     3
         2      9         0     0     0     4
         3      3         0     0     0     6
  36     1     29         0     2     0     0
         2     20         0     3     0     0
         3     15         0     5     0     0
         4      6         0     6     0     0
  37     1     10         0     0     2     0
         2      3         0     0     4     0
  38     1     25         0     3     0     0
         2     18         0     5     0     0
         3     13         0     7     0     0
         4     10         0     9     0     0
  39     1      9         0     0     0     3
         2      7         0     0     0     5
         3      4         0     0     0     6
  40     1      7         0     2     0     0
         2      2         0     3     0     0
  41     1     22         3     0     0     0
         2     14         4     0     0     0
         3      7         5     0     0     0
  42     1     19         2     0     0     0
         2     11         3     0     0     0
         3      9         4     0     0     0
         4      1         5     0     0     0
  43     1      8         0     0     0     3
         2      6         0     0     0     4
         3      4         0     0     0     5
  44     1     17         0     3     0     0
         2     12         0     5     0     0
         3      7         0     6     0     0
  45     1      8         0     2     0     0
         2      1         0     4     0     0
  46     1     34         0     3     0     0
         2     27         0     5     0     0
         3     17         0     7     0     0
         4      7         0     8     0     0
  47     1     12         0     0     0     3
         2      4         0     0     0     4
  48     1     14         0     2     0     0
         2     12         0     3     0     0
         3      6         0     5     0     0
  49     1     21         2     0     0     0
         2     16         3     0     0     0
         3     10         5     0     0     0
  50     1     17         0     0     0     2
         2     10         0     0     0     4
         3      8         0     0     0     6
  51     1      0        11    16    11    14
------------------------------------------------


**********************************************************************************************************************************
PROJECT INFORMATION:
InstanceNum   #jobs   #Ressource   #Zone   #Complexity   RF      RSZ    RSR    AF  
    2           52        18         3       1.07        0.33    0.30   0.30   0.76
**********************************************************************************************************************************
PRECEDENCE RELATIONS:
jobnr.  #modes   #predecessors    predecessors                          #resources  #resources
   0      1           0                                                   18         1  2  3  4  5  6  7  8  9 10 11 12 13 14 15 16 17 18
   1      3           1             0                                     18        16  4 14  8 11  6  7 10  9 13 18 17 12 15  5  3  2  1
   2      2           1             0                                     18        18  7  1  9  6  8 10 13 15 14 17 12  3  4 11  5  2 16
   3      2           1             0                                     16        16  2 13  4  9 12 10  8  7  1 11 17 15  5  6  3
   4      2           1             0                                     17         9 18 16 11 17  4 14  7  1  6 15 13  5 12 10  2  8
   5      3           1             0                                     18         3 18  5 13  7 10 15  6 12 17  2  4  9 14 11 16  1  8
   6      2           1             0                                     17         4 13  8 11  5 16  1  2  9 17  7 12 14 10  3 18 15
   7      2           1             0                                     16        12 17  4 15  1 10 14 11 18  2  9  6  8  7  3 16
   8      2           1             6                                     18         6  4  3 13  8 10  5 12  1 14 16  9 15 18  7  2 11 17
   9      3           1             5                                     16        16  3 14  9  7 17  4  2  8  5 11 12 18  1 10 13
  10      2           1             7                                     15        11 10  7 15 17 12  9 18  8 13  2 16 14  4  3
  11      2           1             8                                     17        17 10 16  3 14  8 11 18  4  1  6 13  9  5  2 12  7
  12      3           1             3                                     18         7  4  1 12 11  2 18 13 16  8  5 17 10 15  9 14  6  3
  13      2           1            10                                     16         7  5 13  8 15  3 17 16  2  6 11 12 18 14  9  4
  14      3           1            12                                     18         3  2 10  9 14  5 17  1 18 13  8 15  7  6  4 12 16 11
  15      3           1             9                                     16         8 16  4 15  9  7 10 11  5 17  2  1 18 14 12 13
  16      3           1            13                                     18        17  8  6 13  2 12 15  3  1 16 18 14  4 11  5 10  7  9
  17      3           1            15                                     18         4 14 10 17 12  2 18 16  6 15 13  7  5  9  1 11  8  3
  18      4           1            16                                     18        12  3  1  4  5  6 16 18 11  2 13  8 17  9 10  7 14 15
  19      3           1            16                                     18        11  1  3  7  4 18  5 13 12  8  6 14  9 10 15 17 16  2
  20      3           1             2                                     18        12 13  3  1  5 18 15  6 16 14 10 17  4  7  8  2 11  9
  21      2           1            19                                     18         9 10  5 16 15  8  2 11 17  3  4 14 12 18 13  7  1  6
  22      3           1             1                                     18         5  4 14  3 13 18 12  9  2 15 16  7 10  8  1 11  6 17
  23      2           1            22                                     16        13  8 18  9 12 15  5 16  6 11  2  4 10  3  1 14
  24      3           1            18                                     17        14  8 13  5 12 10 11  2  3 17 18 15  6  4 16  9  7
  25      2           1            17                                     15         3 15 14 16 17 13  7 10 18  2  8  6  9  1 11
  26      2           1            23                                     12         6 15  4  2 14  7 10  1 18 11 12  5
  27      4           1            25                                     18         3  6 15  8  2 13 14  7 11 10  9  4  1 12  5 16 17 18
  28      3           1            14                                     18         9 10 14  2  6  3  1 17  7 18 13 15  4 16 12  5 11  8
  29      3           1            26                                     18        18  8 14 15 13  2  1 12 11 17  4  3  5  7 16  9 10  6
  30      4           1            24                                     18         2  5 18 16  1 13 10  7  6  9  8 14 15  3  4 11 17 12
  31      3           1             4                                     18        11 14  6 10 13 17  1 12 16 18  8  5  9  4  2  7  3 15
  32      3           1            30                                     18        16  6 18  8  2 11  3  9 12  7 10 15  5 13  1 14  4 17
  33      4           1            20                                     18         3 15  5  1 17 16 11  9  2  6 10  4  7 12 14 13  8 18
  34      2           1            31                                     17         8 16  5  3 10 18  1 17 14  4 13  6  2 15  9 11  7
  35      4           1            11                                     18        12 17  8  2  5  6 11  7  4  3 18 15 16  1 14  9 13 10
  36      2           1            32                                     18        16 11  4 17 10  9  8  7 12  6  2 14  1 13  5 15 18  3
  37      2           1            29                                     14        11 18  4  8  3 12 14 17  1  6  5  2  9  7
  38      3           1            36                                     18        18 10 16 15  7  8  9 11  1 17  3  4  5 14 13 12  2  6
  39      3           2            31   35                                18        10  3  8 17 16  4  9 18 15  6  5  2 12  1 14 11 13  7
  40      2           1            39                                     16         6  1  9  3 12 16 14  8  7  2 18 10  5 15 11  4
  41      4           1            28                                     17        16  7  2  1  9 14 15 11 13 17  4  6 12  3  5 10  8
  42      3           1            33                                     13         9 15  1  5  8  6 12  2 16  3 10 17 11
  43      4           1            40                                     18        17 18  2  6 15 16  5 11  3 12 14  7  4 13 10  1  9  8
  44      3           2            27   42                                18         5 10  6 12 15 18  1  9 16  7 17 11  3 14  8  4  2 13
  45      3           2            41   38                                15        10 13  3  7  4 16 11  6 17 14 18  1  5  2  9
  46      4           1            43                                     17        15 13  5  4 14  9  1  8 17  6 18 10  3 12  2  7 11
  47      3           1            34                                     18        11  9 13 10  7 17  6 12 18 15 14  5  4  1  3  2 16  8
  48      2           1            37                                     12        13  1 14 10 12 15  2 11  9  4 16 17
  49      4           1            41                                     18         3  8  1  5  7 18 16  4 15 11 10 12  9 13 14  6  2 17
  50      4           2            21   43                                13        12 13  4  3 11 18  5  9  6 16 10  7 17
  51      1           7            44   45   46   47   48   49   50       18         1  2  3  4  5  6  7  8  9 10 11 12 13 14 15 16 17 18
**********************************************************************************************************************************
REQUESTS/DURATIONS:
jobnr. mode  duration    W 1   W 2   W 3   
-----------------------------------------
   0     1      0        14    11    13
   1     1     15         0     3     0
         2     12         0     4     0
         3      5         0     5     0
   2     1     16         0     3     0
         2      9         0     5     0
   3     1     11         2     0     0
         2      5         4     0     0
   4     1      5         0     3     0
         2      2         0     4     0
   5     1      8         0     0     2
         2      3         0     0     4
         3      2         0     0     5
   6     1     16         3     0     0
         2      9         4     0     0
   7     1     16         0     3     0
         2     10         0     5     0
   8     1      6         2     0     0
         2      2         4     0     0
   9     1     12         0     0     2
         2      8         0     0     3
         3      7         0     0     4
  10     1     18         0     0     2
         2     10         0     0     4
  11     1     13         3     0     0
         2      5         4     0     0
  12     1     21         2     0     0
         2     15         3     0     0
         3      7         4     0     0
  13     1     13         0     0     2
         2     10         0     0     3
  14     1     16         0     3     0
         2      9         0     5     0
         3      7         0     6     0
  15     1     17         2     0     0
         2     12         4     0     0
         3      2         5     0     0
  16     1      7         0     0     3
         2      6         0     0     4
         3      1         0     0     5
  17     1     20         0     0     3
         2     19         0     0     4
         3      9         0     0     6
  18     1     18         0     0     3
         2     10         0     0     4
         3      3         0     0     6
         4      1         0     0     8
  19     1     15         0     0     3
         2     10         0     0     4
         3      2         0     0     6
  20     1     19         0     0     2
         2     16         0     0     3
         3      8         0     0     4
  21     1      5         0     2     0
         2      2         0     4     0
  22     1     13         0     0     2
         2     10         0     0     4
         3      2         0     0     6
  23     1     14         0     0     2
         2     10         0     0     4
  24     1     15         3     0     0
         2     14         5     0     0
         3      5         6     0     0
  25     1     12         0     0     3
         2      5         0     0     4
  26     1     18         3     0     0
         2      8         5     0     0
  27     1     20         3     0     0
         2     11         4     0     0
         3      5         6     0     0
         4      4         8     0     0
  28     1     22         2     0     0
         2     13         4     0     0
         3      3         5     0     0
  29     1     21         0     3     0
         2     15         0     5     0
         3      9         0     7     0
  30     1     11         3     0     0
         2     10         4     0     0
         3      9         6     0     0
         4      5         8     0     0
  31     1     24         0     0     2
         2     14         0     0     4
         3      6         0     0     6
  32     1     15         0     3     0
         2      9         0     4     0
         3      1         0     6     0
  33     1     25         3     0     0
         2     22         5     0     0
         3     14         7     0     0
         4      7         9     0     0
  34     1     17         0     0     2
         2      8         0     0     3
  35     1     18         2     0     0
         2     12         4     0     0
         3     10         5     0     0
         4      9         6     0     0
  36     1      9         2     0     0
         2      8         3     0     0
  37     1      9         0     0     3
         2      7         0     0     5
  38     1     21         0     0     3
         2     18         0     0     4
         3     10         0     0     5
  39     1     20         0     0     2
         2     12         0     0     4
         3      2         0     0     5
  40     1     17         0     0     2
         2      7         0     0     3
  41     1     12         3     0     0
         2      6         4     0     0
         3      4         5     0     0
         4      2         7     0     0
  42     1     15         0     2     0
         2     12         0     3     0
         3      5         0     5     0
  43     1     22         0     0     3
         2     13         0     0     4
         3     12         0     0     6
         4      4         0     0     7
  44     1     18         0     3     0
         2     14         0     5     0
         3      9         0     6     0
  45     1     22         2     0     0
         2     12         3     0     0
         3      7         4     0     0
  46     1     23         0     0     2
         2     15         0     0     4
         3      6         0     0     6
         4      2         0     0     7
  47     1      3         0     0     3
         2      2         0     0     5
         3      1         0     0     6
  48     1     12         2     0     0
         2      5         3     0     0
  49     1     29         0     0     3
         2     19         0     0     5
         3     15         0     0     6
         4      9         0     0     8
  50     1     25         3     0     0
         2     15         4     0     0
         3     13         5     0     0
         4      6         6     0     0
  51     1      0        14    11    13
-----------------------------------------


**********************************************************************************************************************************
PROJECT INFORMATION:
InstanceNum   #jobs   #Ressource   #Zone   #Complexity   RF      RSZ    RSR    AF  
    3           52        19         4       1.09        0.25    0.30   0.30   0.76
**********************************************************************************************************************************
PRECEDENCE RELATIONS:
jobnr.  #modes   #predecessors    predecessors                     #resources  #resources
   0      1           0                                              19         1  2  3  4  5  6  7  8  9 10 11 12 13 14 15 16 17 18 19
   1      4           1             0                                19        10  7  1  9  2 14 17 15  8 11 12  3  6  5 13  4 18 19 16
   2      4           1             0                                19        13  9  1 18  4 12  6 14 11 15  5  7  3  2 10  8 19 16 17
   3      3           1             0                                19        18  2  7 11  1  5 16  6 15 12 14  3 17 13  9  4 19 10  8
   4      2           1             0                                17         4  7  9 19 14 17  8  3  6 13  5  2 12 10 18  1 15
   5      3           1             0                                19         4  8 14 10  9  6 18  5  7 11  1 15 12 16 17 13 19  3  2
   6      4           1             0                                19        12 18 15  4 11  7  9  5  8  2  6 10 16 13 19  1 14 17  3
   7      3           1             0                                19        15  3  7  4  1 16 11  9  5 12  2 18  6 19 13 14 17  8 10
   8      3           1             1                                18        19  9 17  6  7  3  8 15 16 18 10 11  4 13 14 12  5  1
   9      2           1             5                                16         4 10  7 19 17 14  9  8 12 13 18  1  5  6  2 16
  10      4           1             7                                19        11  4  7  9 19 13  1 10  2 17 15  5 12  3  8 14 18  6 16
  11      3           1             8                                19        12  3  2  5 15  8  1  6 14 19 10 16 11 17  7  4  9 13 18
  12      3           1             4                                16        16  9 19  4  3 10  2 11  1 18 13 17 15 12  8  5
  13      3           1            10                                19        10 18  4  8 14 19  3  6  5 17  1  7 12  2  9 15 11 16 13
  14      2           1            11                                16        19  8  7 18 17 13  6  2 15 11 14 10 12  3  5 16
  15      4           1             9                                19         1  6 14  9 18  8  2  5 15 19 11 17  3 12 13 10  7 16  4
  16      4           1            13                                19        14  8 12  1  5 10 13 17  3 15  2  7 19 18  9 16  6  4 11
  17      4           1            14                                19         2 12  6 15  7 10 13 17 16  8  3 14 19  4  9 11 18  1  5
  18      2           1            15                                19        18 15  6 16 14 11 19  1 10 17 13  7  5  4 12  9  8  3  2
  19      4           1            16                                19         6 16  5 12  1 10 13  8  3  4  2 11  9 17 18 14 19 15  7
  20      4           1            12                                17         7 11  3 17  6  9  4 18 13  8 15  5 12 16  1  2 14
  21      2           1            18                                19         2 14 13 18  3  7 16  5 19 11  6 15  4  1  8 12  9 10 17
  22      4           1            19                                13         4  1  6 14 10 17  8  3 11  2 16  7  5
  23      2           1             2                                19        17  8  9 14 18 15 19  5  2  6  7  1  4  3 12 10 11 16 13
  24      3           1            19                                19        10 13 18 15  9 16  3 11  2 14  1  5 12 19  8  4 17  6  7
  25      3           1             6                                19        13 10 11 17 16  9  4  3  5 12 15 18  2  1  6  8  7 19 14
  26      2           1            24                                19         2 10 18 14 16 19  3  9  4  5 11 17  6 15 12 13  8  1  7
  27      3           1            17                                18         4  6 17 13  1  8  5 16 11  3 12  7  9 15 18 19 10 14
  28      4           1            25                                19         1  9  2 11 18  3 19  5  8  7 16 17  4 15 14 10 13 12  6
  29      2           1            13                                17         3  5  8 15 10 16  4 18 14  1  2 13  6 12  7 19  9
  30      2           1            26                                17        10  3  7 11  6  4 13 17 18 16 12  9  2 15 19  8 14
  31      2           1            16                                19        19 11 13 17 12  1 16  6  5  7 14  2  9 10 18  8 15  3  4
  32      4           1            29                                19         2 10  8 16 19 18  9 14  1 15  3 13 17  6 12  4 11  7  5
  33      3           1            30                                19        15 16  7 18  9  6  2 17  4 13  5  3 19 14 11 12 10  8  1
  34      2           1            22                                16         9  3 18  7  5 10  8 11 15 12  2  6 16 17  1  4
  35      4           2            23   21                           14         8  2  6  3  5  1 10 14 13  7 18 12 17 11
  36      4           2            31   34                           19         6 12  9 17 10  4 15  7 16 18  5 14  1  3 13 19 11  8  2
  37      2           1            32                                11         6 18  8 10  7 14  2  3 19 17 15
  38      4           1             3                                17        12 13 16  1 14 19  2 17  7 18 10  9  6  5  8 11  4
  39      4           1            35                                17        18  6  4 13  5  2 15  8  9 16 10 19  7 14 11  1 12
  40      2           1            38                                19         6  5 17 18 12 14 15  8 13 11 10  9 19  1 16  7  3  2  4
  41      3           1            37                                17        19  1 11  7  5 13  4 16 10  8  9  6 14  3 15 17 12
  42      2           1            36                                18         1  7 15  8 12 19 10  4 11  6  2 18  5 13 16  3  9 14
  43      2           1            39                                19        16 15  3  2  1 18  7 11  5  8 19 17  4 13  9 10 14 12  6
  44      4           1            42                                19        14  3 17  1 19  8 18  9 11  4 13  6  5  2 16 10 15  7 12
  45      4           1            44                                19        17  4  7 14  6 11  2 18 13  5 15 12  1  3  8 10 16 19  9
  46      3           2            28   27                           17        11  9  6 15  4  5 19 10 16 17  1  3 13  7 18  8 12
  47      3           2            41   44                           19         2  9 14 16 13  3 17 19 10  8  7 12 15  6 18  5 11  4  1
  48      3           2            20   44                           18         7 17 14  8  1 11 13 18  6  2 15 16  4 19  5 10 12  9
  49      3           1            33                                18         7 14 18  8 12  9  2  6 10 13 11 19 15  3  4 17  1 16
  50      4           2            40   43                           19         9 13  2 18  5  4  3 17 12  6  1 19  8  7 14 11 10 15 16
  51      1           6            45   46   47   48   49   50       19         1  2  3  4  5  6  7  8  9 10 11 12 13 14 15 16 17 18 19
**********************************************************************************************************************************
REQUESTS/DURATIONS:
jobnr. mode  duration    W 1   W 2   W 3   W 4   
------------------------------------------------
   0     1      0        11    12    10    10
   1     1     29         0     0     0     3
         2     21         0     0     0     5
         3     17         0     0     0     6
         4      7         0     0     0     7
   2     1     15         0     0     3     0
         2     12         0     0     4     0
         3      7         0     0     5     0
         4      4         0     0     6     0
   3     1     17         2     0     0     0
         2     16         3     0     0     0
         3      7         5     0     0     0
   4     1     10         0     2     0     0
         2      8         0     4     0     0
   5     1     20         0     0     0     3
         2     16         0     0     0     5
         3     10         0     0     0     6
   6     1     11         0     0     2     0
         2      9         0     0     4     0
         3      5         0     0     6     0
         4      2         0     0     8     0
   7     1      8         0     3     0     0
         2      7         0     4     0     0
         3      4         0     5     0     0
   8     1     10         0     0     0     2
         2      3         0     0     0     4
         3      2         0     0     0     6
   9     1     11         0     0     3     0
         2      4         0     0     5     0
  10     1     19         3     0     0     0
         2     14         5     0     0     0
         3     12         6     0     0     0
         4      6         8     0     0     0
  11     1     24         2     0     0     0
         2     16         4     0     0     0
         3      6         5     0     0     0
  12     1     10         0     2     0     0
         2      8         0     3     0     0
         3      7         0     4     0     0
  13     1     23         0     0     3     0
         2     14         0     0     5     0
         3      9         0     0     6     0
  14     1     11         2     0     0     0
         2      9         4     0     0     0
  15     1     12         0     3     0     0
         2      9         0     5     0     0
         3      6         0     6     0     0
         4      4         0     8     0     0
  16     1     30         0     2     0     0
         2     27         0     4     0     0
         3     17         0     6     0     0
         4      8         0     7     0     0
  17     1     12         0     0     3     0
         2      9         0     0     5     0
         3      8         0     0     7     0
         4      3         0     0     8     0
  18     1      8         0     0     2     0
         2      3         0     0     4     0
  19     1     25         0     0     3     0
         2     21         0     0     5     0
         3     16         0     0     7     0
         4      7         0     0     8     0
  20     1     33         0     0     0     3
         2     24         0     0     0     4
         3     14         0     0     0     5
         4      7         0     0     0     6
  21     1     12         0     3     0     0
         2      7         0     4     0     0
  22     1     26         0     2     0     0
         2     17         0     4     0     0
         3     10         0     5     0     0
         4      7         0     7     0     0
  23     1      8         0     2     0     0
         2      6         0     3     0     0
  24     1     19         0     0     3     0
         2     10         0     0     4     0
         3      1         0     0     6     0
  25     1     16         0     0     3     0
         2      6         0     0     5     0
         3      5         0     0     7     0
  26     1     14         0     0     2     0
         2      4         0     0     3     0
  27     1     24         0     0     0     2
         2     16         0     0     0     4
         3     10         0     0     0     5
  28     1     23         0     2     0     0
         2     22         0     4     0     0
         3     13         0     5     0     0
         4      4         0     6     0     0
  29     1     18         0     2     0     0
         2      8         0     3     0     0
  30     1     10         0     2     0     0
         2      4         0     3     0     0
  31     1      8         0     0     0     3
         2      1         0     0     0     4
  32     1     23         0     0     2     0
         2     18         0     0     4     0
         3     10         0     0     6     0
         4      6         0     0     8     0
  33     1     20         0     0     3     0
         2     14         0     0     4     0
         3      9         0     0     6     0
  34     1     11         0     0     0     2
         2      7         0     0     0     4
  35     1     27         3     0     0     0
         2     20         4     0     0     0
         3     18         6     0     0     0
         4     10         7     0     0     0
  36     1     23         0     0     2     0
         2     22         0     0     4     0
         3     16         0     0     5     0
         4      8         0     0     7     0
  37     1      4         3     0     0     0
         2      3         5     0     0     0
  38     1     24         0     0     0     2
         2     18         0     0     0     3
         3     10         0     0     0     5
         4      1         0     0     0     6
  39     1     13         0     2     0     0
         2      5         0     3     0     0
         3      4         0     4     0     0
         4      1         0     5     0     0
  40     1     15         3     0     0     0
         2      5         5     0     0     0
  41     1     19         0     3     0     0
         2     13         0     5     0     0
         3     10         0     6     0     0
  42     1     14         0     2     0     0
         2      9         0     3     0     0
  43     1      9         3     0     0     0
         2      3         5     0     0     0
  44     1     28         0     0     2     0
         2     23         0     0     4     0
         3     16         0     0     5     0
         4      8         0     0     7     0
  45     1     27         0     0     0     3
         2     21         0     0     0     4
         3     15         0     0     0     5
         4      5         0     0     0     7
  46     1     19         0     0     0     2
         2     12         0     0     0     4
         3      9         0     0     0     5
  47     1      4         0     3     0     0
         2      2         0     5     0     0
         3      1         0     6     0     0
  48     1     19         3     0     0     0
         2     13         4     0     0     0
         3      9         5     0     0     0
  49     1     11         0     3     0     0
         2      5         0     4     0     0
         3      3         0     5     0     0
  50     1     17         0     3     0     0
         2     14         0     5     0     0
         3     10         0     7     0     0
         4      9         0     9     0     0
  51     1      0        11    12    10    10
------------------------------------------------


*************************************************************************************************************************************
PROJECT INFORMATION:
InstanceNum   #jobs   #Ressource   #Zone   #Complexity   RF      RSZ    RSR    AF  
    4           52        20         3       1.12        0.33    0.30   0.30   0.76
*************************************************************************************************************************************
PRECEDENCE RELATIONS:
jobnr.  #modes   #predecessors    predecessors                     #resources  #resources
   0      1           0                                              20         1  2  3  4  5  6  7  8  9 10 11 12 13 14 15 16 17 18 19 20
   1      2           1             0                                18         8  1  2  5  4 15 13  9 11  7 12 16 18 19 14 20  3 17
   2      2           1             0                                17        18  7 15 17 19  5  6  2 12 16  4 14  1 10  3 13  9
   3      3           1             0                                15        11  2 18  3 10 13 14 17  5 19 16 20  7  4  6
   4      4           1             0                                20         4 20  1 11 16 14  8  6 19  2  9  5 18 17 12  3 13  7 15 10
   5      4           1             0                                14        20 15  8  9 12 19  5 13 10  3  4 18 14  2
   6      2           1             0                                20        15  3  8  4 16 19  5 11  7 10  2 17 12  1 18 14  6 13 20  9
   7      3           1             0                                15        13 15  1 10  2  5  4 17 18 12  9  6 11 14  8
   8      3           1             1                                18         4 15 16  7  2  9 13  1 10  3  6 18 19 20  5 11 12 17
   9      3           1             5                                13         5  9 18 19 12 20  6 17 15 11  8 10  4
  10      4           1             3                                20         7 20  2  4 16 14  6 10 17 11 15  9  8 18 12  3 19  5 13  1
  11      2           1            10                                20        10 16 15  8  1 11  5  4  9  3 13 18 14  6  7 19 17 20 12  2
  12      2           1             2                                15         2  4  1 11 18 17 12 10  8  9  5  7 16 20 15
  13      4           1             8                                20        17  6  4  8  2  3 16 12  9 20 18  5 15 13 14  1 19  7 11 10
  14      4           1            12                                18        19 17 16 12  2  3 13 14  4  1 10  5 20  6 11  7  8 15
  15      4           1            13                                20         3  9 17 20 11  7 18 13  4  2  8  1  6 10  5 15 19 12 14 16
  16      2           1             4                                20         8  4 13 12 10 17 19 16 18  1  9  5 15  7  3  6 14 11  2 20
  17      3           1            14                                13        16 17  4 13  9  8 10  3 12 14  5 11  1
  18      3           1             9                                16        17 12  5  7 16  9  2 14  6 18 20  8 15  3 11 19
  19      2           1            16                                15         2 13 19 15  4 12  8  5  6 11  7  3 16 10 14
  20      2           1             6                                20        19  1  8 16  6 17  4  7 15  2 12 18  3 10  5 20 14 11 13  9
  21      3           1            19                                15         6  1  7  8  4 11 16 20  5  3 12 17 10 13 15
  22      2           1            19                                14        19 20 11 13  3  5  1 14 16  7  9  2 12  4
  23      3           1            22                                20         3  6 11  7 15 13 10 19 16 17  2  9  1  4  8 18 20 12 14  5
  24      3           1            17                                20         2 13 14 11 19  3  7 18  5  6 10  8  9  4 16 12 15 17  1 20
  25      3           1            20                                15        13 14  7 12  8 19 15  5  3  2 17 16  6 10 20
  26      4           1            13                                18         2 14 11 17 18  3  8 15  6  9  7  1 10 19  5 20 12 16
  27      4           2            18   25                           19        18 19  5  1  8 20  7 15  2 17  6 14 11  4 16 12  9 13 10
  28      3           1            25                                20        10  1 20  3 16 14 19 12  6  9 11  2  7 18 17  8  4 15 13  5
  29      2           1            27                                14         8  2  4  1 17 16 14 19 13  5 11 20 10 12
  30      3           1            29                                17        11 10  3 15 14 18 12 19  6  7  4 16  9  8 20 17  5
  31      4           1             7                                20        14 12  3  7 11  4 17  6  8  9 19 20  1 15 18  5 10 13 16  2
  32      3           1            30                                19         5 20 15 14 19 12  7 18  3 13 11  2  8 16 17  9  4  1 10
  33      3           1            22                                18        12  9 17 20 14  4 11  3  1  7 18  5 13  2  6 10  8 16
  34      2           1            32                                19         2 10  5 20 16  6  9 17 19  1  3  7 18 14  4 12 15 13 11
  35      3           1            21                                19         3 16 17 11  7  9 18 10 13  4 15  8 14  1  2 20 12  6 19
  36      2           1            35                                14        16 18 20  6  8  9 13  7 14 19  4 11 15  1
  37      2           1            11                                14         5 12 18  6 19 17  9 20 11 14 13 16  2  7
  38      3           1            37                                15         3  4 14 20 12 18 15  8 17 11  6  1  5 16  9
  39      4           2            33   38                           18        13 12  3 20 19 10  6  1  8  9 15  2 11 18 14  7 17 16
  40      4           3            23   15   36                      20         4 15  9 13 19  2 14 12  6 10 17 20  5  8  1 16 11  3  7 18
  41      2           1            40                                19         2 18  3  7 12 20  8 10  9  4  6 11  5 16 13  1 14 15 19
  42      3           1            26                                20        15  2 11 14 12  7 16 20  8  3  4 18  6 13  1  9 19 10 17  5
  43      3           1            34                                15        16  4  3  9  8 19 13  2 11  5 14 18  7 17  1
  44      4           1            24                                13        16  7 12  5 11  2 13 10 20 15  9  1  8
  45      4           1            28                                16         1 17  9 18  6  5 12  8 16  4 19  3  2 13  7 11
  46      2           1            42                                17        14 12 17 20 10  5 19  1  8 11  7  9  4 13  2  3 18
  47      4           2            44   43                           14        19 13  3  6  7  4 15 14  1  2 11 20 18  8
  48      3           1            41                                19        14 10 16  3 15  7 13  9  4  2  6  8 18  1  5 12 20 19 17
  49      2           1            37                                20         8 11 18 12 19  4  2 15 20  3 14 17 10  6  9 13  1  5 16  7
  50      3           2            31   39                           20        11 18  9 20 17  6  1  2 15 14  5  4  7 19  8 13 16  3 10 12
  51      1           6            45   46   47   48   49   50       20         1  2  3  4  5  6  7  8  9 10 11 12 13 14 15 16 17 18 19 20
*************************************************************************************************************************************
REQUESTS/DURATIONS:
jobnr. mode  duration    W 1   W 2   W 3   
-----------------------------------------
   0     1      0        15    13    11
   1     1      8         0     3     0
         2      4         0     5     0
   2     1     14         0     0     3
         2     10         0     0     5
   3     1     12         0     0     2
         2     10         0     0     3
         3      4         0     0     4
   4     1     28         2     0     0
         2     23         4     0     0
         3     15         5     0     0
         4      8         7     0     0
   5     1     23         2     0     0
         2     18         4     0     0
         3     11         6     0     0
         4      9         7     0     0
   6     1     12         0     2     0
         2      9         0     3     0
   7     1     16         0     0     2
         2     15         0     0     3
         3      6         0     0     4
   8     1     21         0     2     0
         2     17         0     3     0
         3     10         0     4     0
   9     1     20         0     0     3
         2     14         0     0     4
         3      7         0     0     6
  10     1     20         2     0     0
         2     16         4     0     0
         3     12         6     0     0
         4      9         8     0     0
  11     1     19         0     2     0
         2     10         0     3     0
  12     1     13         3     0     0
         2     10         5     0     0
  13     1     23         0     3     0
         2     16         0     5     0
         3     11         0     7     0
         4      6         0     8     0
  14     1     24         0     0     2
         2     20         0     0     4
         3     13         0     0     6
         4      9         0     0     7
  15     1     16         2     0     0
         2     15         4     0     0
         3     13         5     0     0
         4     10         7     0     0
  16     1     15         0     3     0
         2      7         0     4     0
  17     1     19         0     2     0
         2     14         0     4     0
         3      5         0     5     0
  18     1     12         0     0     2
         2     10         0     0     4
         3      1         0     0     5
  19     1      9         0     2     0
         2      5         0     4     0
  20     1     19         0     2     0
         2     10         0     3     0
  21     1     17         0     2     0
         2     14         0     4     0
         3      8         0     5     0
  22     1      3         0     3     0
         2      2         0     5     0
  23     1      8         3     0     0
         2      4         5     0     0
         3      1         7     0     0
  24     1     20         0     2     0
         2     18         0     4     0
         3      8         0     6     0
  25     1     17         3     0     0
         2      9         4     0     0
         3      5         5     0     0
  26     1     21         0     0     3
         2     15         0     0     4
         3     10         0     0     5
         4      5         0     0     6
  27     1     17         0     3     0
         2     13         0     4     0
         3      5         0     6     0
         4      2         0     7     0
  28     1     16         0     0     2
         2     15         0     0     4
         3      6         0     0     6
  29     1     13         3     0     0
         2     10         4     0     0
  30     1     10         0     3     0
         2      5         0     5     0
         3      2         0     6     0
  31     1     26         3     0     0
         2     16         4     0     0
         3     14         6     0     0
         4      7         8     0     0
  32     1     11         0     2     0
         2      6         0     4     0
         3      2         0     5     0
  33     1     14         0     2     0
         2      7         0     4     0
         3      5         0     5     0
  34     1     12         0     3     0
         2      5         0     5     0
  35     1     10         0     2     0
         2      5         0     3     0
         3      2         0     5     0
  36     1     11         3     0     0
         2      7         5     0     0
  37     1     18         3     0     0
         2     10         4     0     0
  38     1     10         2     0     0
         2      9         3     0     0
         3      2         5     0     0
  39     1     16         3     0     0
         2      8         5     0     0
         3      6         6     0     0
         4      2         8     0     0
  40     1     29         3     0     0
         2     21         5     0     0
         3     16         7     0     0
         4      9         8     0     0
  41     1      6         0     3     0
         2      2         0     4     0
  42     1     23         0     3     0
         2     17         0     5     0
         3      9         0     6     0
  43     1     13         0     2     0
         2     12         0     3     0
         3      8         0     5     0
  44     1     12         0     2     0
         2      6         0     4     0
         3      5         0     5     0
         4      3         0     6     0
  45     1     12         0     0     2
         2      9         0     0     3
         3      8         0     0     5
         4      6         0     0     6
  46     1     10         0     0     3
         2      3         0     0     5
  47     1     17         2     0     0
         2     16         4     0     0
         3      7         5     0     0
         4      6         7     0     0
  48     1     11         2     0     0
         2      9         3     0     0
         3      1         4     0     0
  49     1      5         3     0     0
         2      1         4     0     0
  50     1     10         0     0     3
         2      3         0     0     4
         3      1         0     0     5
  51     1      0        15    13    11
-----------------------------------------