**************************************************************************************************
Instance Solution : 
Number of Instance : 0
**************************************************************************************************
**************************************************************************************************
Solution Instance : 0
Makespan : 144
**************************************************************************************************
 Task   Mode   Start   Finish   NbRess  Ressource 
      0    0       0        0        6    1  2  3  4  5  6
      1    0       0        7        1    6
      2    0       7       16        1    6
      3    0       0       10        1    2
      4    0      10       20        1    5
      5    0      10       16        1    4
      6    0      16       28        1    6
      7    0      20       26        1    3
      8    0      26       42        1    3
      9    0      42       62        1    3
     10    0      42       49        1    6
     11    0      42       54        1    1
     12    0      49       70        1    2
     13    0      42       58        1    4
     14    0      70       79        1    6
     15    0      58       65        1    4
     16    0      79       97        1    6
     17    0      58       75        1    5
     18    0      62       69        1    3
     19    0      69       75        1    3
     20    0      75       96        1    5
     21    1      75       87        2    1  4
     22    0      96      116        1    2
     23    0      75       87        1    3
     24    0      97      108        1    3
     25    0     116      132        1    3
     26    0      97      120        1    6
     27    0      87      101        1    4
     28    0     108      125        1    1
     29    0     132      144        1    5
     30    0     120      144        1    6
     31    0     144      144        6    1  2  3  4  5  6
**************************************************************************************************
Solution Instance : 1
Makespan : 118
**************************************************************************************************
 Task   Mode   Start   Finish   NbRess  Ressource 
      0    0       0        0        0
      1    0       0       19        0
      2    0       0       22        0
      3    0       0        8        0
      4    0      22       29        0
      5    0      29       45        1    6
      6    0      19       34        0
      7    0       8       20        0
      8    0       8       21        0
      9    0      20       42        0
     10    0      34       50        0
     11    1      45       56        2    6  5
     12    0      21       45        0
     13    0      45       60        0
     14    0      42       61        0
     15    0      50       74        0
     16    0      60       78        0
     17    0      45       59        1    4
     18    0      60       78        0
     19    0      78      100        0
     20    0      56       70        0
     21    0      70       86        0
     22    0      78       88        0
     23    0      78       93        0
     24    0      86      101        0
     25    0      93      103        0
     26    0     101      110        1    3
     27    0     101      110        0
     28    0      60       80        0
     29    0      74       88        0
     30    0     103      118        0
     31    0     118      118        0
**************************************************************************************************
Solution Instance : 2
Makespan : 127
**************************************************************************************************
 Task   Mode   Start   Finish   NbRess  Ressource 
      0    0       0        0        6    1  2  3  4  5  6
      1    0      16       35        1    3
      2    0       7       29        1    2
      3    0       7       15        1    1
      4    0       0        7        1    1
      5    0       0       16        1    6
      6    0      35       50        1    5
      7    1      37       43        2    6  1
      8    0      24       37        1    6
      9    0      29       51        1    2
     10    1      16       24        2    6  1
     11    0      51       72        1    6
     12    0      50       74        1    3
     13    0      35       50        1    3
     14    0      50       69        1    5
     15    0      24       48        1    4
     16    0      74       92        1    5
     17    0      48       62        1    1
     18    0      50       68        1    4
     19    0      51       73        1    2
     20    0      68       82        1    4
     21    0      62       78        1    1
     22    0      82       92        1    3
     23    0      78       93        1    1
     24    0      82       97        1    6
     25    0      91      101        1    4
     26    0      82       91        1    2
     27    0     101      110        1    6
     28    0     107      127        1    1
     29    0      93      107        1    1
     30    0     110      125        1    6
     31    0     127      127        6    1  2  3  4  5  6
**************************************************************************************************
Solution Instance : 3
Makespan : 145
**************************************************************************************************
 Task   Mode   Start   Finish   NbRess  Ressource 
      0    0       0        0        6    1  2  3  4  5  6
      1    0       0       19        1    1
      2    0      19       41        1    1
      3    0       0        8        1    6
      4    0       0        7        1    2
      5    0      43       59        1    6
      6    0      41       56        1    1
      7    0      41       53        1    4
      8    0       8       21        1    6
      9    0      21       43        1    6
     10    1      59       67        2    3  6
     11    0      43       64        1    2
     12    0      90      114        1    3
     13    0      43       58        1    5
     14    0      53       72        1    4
     15    0      67       91        1    6
     16    0      72       90        1    5
     17    0      72       86        1    4
     18    0      72       90        1    2
     19    0      91      113        1    6
     20    0      86      100        1    4
     21    0      90      106        1    1
     22    0     106      116        1    1
     23    0     100      115        1    4
     24    1     114      122        2    3  5
     25    0     122      132        1    6
     26    0     116      125        1    1
     27    0     113      122        1    6
     28    0     125      145        1    1
     29    1     132      139        2    5  6
     30    0     122      137        1    2
     31    0     145      145        6    1  2  3  4  5  6
**************************************************************************************************
Solution Instance : 4
Makespan : 155
**************************************************************************************************
 Task   Mode   Start   Finish   NbRess  Ressource 
      0    0       0        0        6    1  2  3  4  5  6
      1    0       0       19        1    3
      2    0       0       22        1    1
      3    0       0        8        1    6
      4    0      22       29        1    1
      5    0      19       35        1    5
      6    0      29       44        1    6
      7    0      44       56        1    6
      8    0       8       21        1    2
      9    0      56       78        1    1
     10    0      78       94        1    1
     11    0      21       42        1    2
     12    0      42       66        1    2
     13    0      66       81        1    4
     14    0      94      113        1    2
     15    0      81      105        1    4
     16    0      94      112        1    1
     17    0      81       95        1    3
     18    0      81       99        1    5
     19    0     113      135        1    3
     20    0     112      126        1    1
     21    0     105      121        1    4
     22    0      95      105        1    6
     23    0     105      120        1    6
     24    0      99      114        1    5
     25    0     114      124        1    2
     26    0     126      135        1    1
     27    0     120      129        1    6
     28    0     135      155        1    6
     29    0     135      149        1    1
     30    1     135      143        2    4  3
     31    0     155      155        6    1  2  3  4  5  6
**************************************************************************************************
Solution Instance : 5
Makespan : 199
**************************************************************************************************
 Task   Mode   Start   Finish   NbRess  Ressource 
      0    0       0        0        6    1  2  3  4  5  6
      1    0       0       19        1    6
      2    0       0       22        1    5
      3    0      19       27        1    6
      4    0      27       34        1    6
      5    0      27       43        1    5
      6    0      34       49        1    6
      7    0      34       46        1    3
      8    0      43       56        1    1
      9    0      46       68        1    4
     10    1      56       64        2    5  2
     11    0      68       89        1    2
     12    0      68       92        1    4
     13    0      68       83        1    6
     14    0      92      111        1    4
     15    0      92      116        1    2
     16    0     111      129        1    1
     17    0     111      125        1    6
     18    0     111      129        1    5
     19    0     116      138        1    3
     20    0     138      152        1    3
     21    0     129      145        1    1
     22    0     138      148        1    4
     23    1     152      160        2    3  6
     24    0     160      175        1    6
     25    0     160      170        1    3
     26    0     175      184        1    6
     27    0     170      179        1    1
     28    0     179      199        1    4
     29    0     184      198        1    5
     30    0     170      185        1    2
     31    0     199      199        6    1  2  3  4  5  6
**************************************************************************************************
Solution Instance : 6
Makespan : 135
**************************************************************************************************
 Task   Mode   Start   Finish   NbRess  Ressource 
      0    0       0        0        6    1  2  3  4  5  6
      1    0      24       43        1    1
      2    0       0       22        1    6
      3    0       0        8        1    1
      4    0      22       29        1    5
      5    0       8       24        1    1
      6    0      42       57        1    6
      7    0       8       20        1    2
      8    0      29       42        1    6
      9    0      57       79        1    6
     10    0      42       58        1    4
     11    0      42       63        1    2
     12    0     102      126        1    4
     13    0      42       57        1    5
     14    0      83      102        1    2
     15    0      59       83        1    1
     16    0      79       97        1    4
     17    0      63       77        1    2
     18    0      57       75        1    3
     19    0      97      119        1    6
     20    0     105      119        1    3
     21    0      43       59        1    1
     22    1     119      124        2    1  6
     23    0      90      105        1    3
     24    0      75       90        1    3
     25    0      79       89        1    6
     26    0     126      135        1    1
     27    0     109      118        1    1
     28    0      89      109        1    1
     29    0      89      103        1    5
     30    0     119      134        1    2
     31    0     135      135        6    1  2  3  4  5  6
**************************************************************************************************
Solution Instance : 7
Makespan : 122
**************************************************************************************************
 Task   Mode   Start   Finish   NbRess  Ressource 
      0    0       0        0        6    1  2  3  4  5  6
      1    0       0       19        1    3
      2    0      29       51        1    6
      3    0       7       15        1    6
      4    0       0        7        1    6
      5    0      19       35        1    5
      6    1      19       27        2    3  6
      7    0      51       63        1    6
      8    0      48       61        1    1
      9    0       7       29        1    4
     10    1      56       64        2    2  5
     11    0      35       56        1    5
     12    0      29       53        1    2
     13    0      27       42        1    3
     14    0      29       48        1    1
     15    0      64       88        1    2
     16    0      70       88        1    5
     17    0      63       77        1    6
     18    0      48       66        1    4
     19    0      48       70        1    3
     20    0      88      102        1    3
     21    0      66       82        1    1
     22    0      66       76        1    4
     23    0      70       85        1    3
     24    0      92      107        1    6
     25    0      82       92        1    6
     26    1     107      112        2    3  6
     27    0      76       85        1    4
     28    0     102      122        1    2
     29    0     107      121        1    4
     30    1     112      120        2    1  6
     31    0     122      122        6    1  2  3  4  5  6
**************************************************************************************************
Solution Instance : 8
Makespan : 147
**************************************************************************************************
 Task   Mode   Start   Finish   NbRess  Ressource 
      0    0       0        0        0
      1    0       0       19        0
      2    0       0       22        0
      3    0       0        8        0
      4    0      19       26        0
      5    0      22       38        0
      6    0      26       41        0
      7    0      38       50        1    2
      8    0      38       51        0
      9    0      38       60        0
     10    0      38       54        0
     11    0      60       81        0
     12    0      54       78        0
     13    0      54       69        0
     14    0      69       88        0
     15    0      50       74        1    2
     16    0      88      106        0
     17    0      69       83        0
     18    0      74       92        0
     19    0      78      100        0
     20    0      74       88        0
     21    0     106      122        0
     22    0      88       98        0
     23    0      92      107        1    6
     24    0      81       96        0
     25    0     122      132        0
     26    0     107      116        0
     27    1     107      112        2    1  6
     28    0      96      116        0
     29    0     112      126        0
     30    0     132      147        0
     31    0     147      147        0
**************************************************************************************************
Solution Instance : 9
Makespan : 172
**************************************************************************************************
 Task   Mode   Start   Finish   NbRess  Ressource 
      0    0       0        0        6    1  2  3  4  5  6
      1    0       0       19        1    6
      2    0      19       41        1    6
      3    0       0        8        1    1
      4    0       0        7        1    4
      5    0       8       24        1    1
      6    0      24       39        1    1
      7    1      24       30        2    4  3
      8    0      39       52        1    1
      9    0      41       63        1    6
     10    1      24       32        2    2  5
     11    1      63       74        2    4  2
     12    0      32       56        1    5
     13    0      74       89        1    4
     14    0      39       58        1    3
     15    0      58       82        1    1
     16    0      89      107        1    3
     17    0      56       70        1    5
     18    0      82      100        1    2
     19    0      82      104        1    1
     20    0     100      114        1    4
     21    0     107      123        1    6
     22    0     123      133        1    6
     23    1     133      141        2    3  5
     24    0     100      115        1    2
     25    0     133      143        1    6
     26    0     143      152        1    6
     27    0     152      161        1    6
     28    0     152      172        1    1
     29    0     152      166        1    2
     30    0     152      167        1    4
     31    0     172      172        6    1  2  3  4  5  6
**************************************************************************************************
Solution Instance : 10
Makespan : 120
**************************************************************************************************
 Task   Mode   Start   Finish   NbRess  Ressource 
      0    0       0        0        6    1  2  3  4  5  6
      1    0      16       35        1    2
      2    0       0       22        1    1
      3    0       0        8        1    6
      4    0      79       86        1    1
      5    0       0       16        1    3
      6    0      22       37        1    1
      7    0      37       49        1    1
      8    0      16       29        1    3
      9    0      35       57        1    6
     10    0      16       32        1    6
     11    0      57       78        1    3
     12    0      37       61        1    5
     13    0      35       50        1    2
     14    0      32       51        1    4
     15    0      32       56        1    3
     16    0      61       79        1    6
     17    0      56       70        1    4
     18    0      70       88        1    4
     19    0      57       79        1    2
     20    0      79       93        1    6
     21    0      79       95        1    5
     22    0     101      111        1    1
     23    0      86      101        1    1
     24    0      86      101        1    2
     25    0      95      105        1    5
     26    0      93      102        1    6
     27    0     111      120        1    1
     28    0      50       70        1    1
     29    0     102      116        1    6
     30    0     105      120        1    5
     31    0     120      120        6    1  2  3  4  5  6
**************************************************************************************************
Solution Instance : 11
Makespan : 155
**************************************************************************************************
 Task   Mode   Start   Finish   NbRess  Ressource 
      0    0       0        0        6    1  2  3  4  5  6
      1    0       0       19        1    6
      2    0       0       22        1    4
      3    0       0        8        1    3
      4    0      22       29        1    6
      5    0      19       35        1    2
      6    0      29       44        1    6
      7    0       8       20        1    3
      8    0       8       21        1    5
      9    0      35       57        1    5
     10    0      44       60        1    6
     11    0      21       42        1    1
     12    0      35       59        1    2
     13    0      21       36        1    3
     14    0      60       79        1    2
     15    0      36       60        1    4
     16    0      57       75        1    5
     17    0      36       50        1    3
     18    0      42       60        1    1
     19    0      79      101        1    3
     20    0      75       89        1    6
     21    0      60       76        1    1
     22    0      60       70        1    4
     23    0      89      104        1    6
     24    0     101      116        1    3
     25    0     116      126        1    3
     26    1     126      131        2    6  3
     27    1     116      121        2    1  2
     28    0     126      146        1    4
     29    0     126      140        1    1
     30    0     140      155        1    5
     31    0     155      155        6    1  2  3  4  5  6
**************************************************************************************************
Solution Instance : 12
Makespan : 117
**************************************************************************************************
 Task   Mode   Start   Finish   NbRess  Ressource 
      0    0       0        0        6    1  2  3  4  5  6
      1    0       0       19        1    2
      2    0      19       41        1    4
      3    0       0        8        1    1
      4    0      24       31        1    6
      5    0       8       24        1    6
      6    0      51       66        1    4
      7    0      47       59        1    6
      8    0       8       21        1    1
      9    0      31       53        1    5
     10    0      31       47        1    6
     11    0      21       42        1    1
     12    0      54       78        1    3
     13    0      21       36        1    3
     14    0      66       85        1    4
     15    0      47       71        1    2
     16    0      36       54        1    3
     17    0      42       56        1    1
     18    0      53       71        1    5
     19    0      86      108        1    4
     20    0      85       99        1    3
     21    0      56       72        1    1
     22    0      41       51        1    4
     23    0      71       86        1    6
     24    0      72       87        1    1
     25    0      71       81        1    2
     26    0     108      117        1    2
     27    0     101      110        1    6
     28    0      87      107        1    1
     29    1     110      117        2    6  1
     30    0      86      101        1    6
     31    0     117      117        6    1  2  3  4  5  6
**************************************************************************************************
Solution Instance : 13
Makespan : 142
**************************************************************************************************
 Task   Mode   Start   Finish   NbRess  Ressource 
      0    0       0        0        6    1  2  3  4  5  6
      1    0       0       19        1    6
      2    0       0       22        1    1
      3    0      19       27        1    6
      4    0      19       26        1    2
      5    0      22       38        1    1
      6    1      60       68        2    1  6
      7    0      40       52        1    2
      8    0      27       40        1    6
      9    0      38       60        1    1
     10    0      75       91        1    4
     11    0      60       81        1    3
     12    0      75       99        1    5
     13    0      60       75        1    4
     14    0      60       79        1    2
     15    0      99      123        1    6
     16    0      91      109        1    4
     17    0     101      115        1    5
     18    0      79       97        1    2
     19    0      79      101        1    1
     20    0     109      123        1    3
     21    0     101      117        1    1
     22    0     123      133        1    6
     23    0     115      130        1    4
     24    1     123      131        2    3  2
     25    0     117      127        1    1
     26    0     133      142        1    6
     27    0     127      136        1    1
     28    0      40       60        1    6
     29    1     133      140        2    2  4
     30    0     123      138        1    5
     31    0     142      142        6    1  2  3  4  5  6
**************************************************************************************************
Solution Instance : 14
Makespan : 168
**************************************************************************************************
 Task   Mode   Start   Finish   NbRess  Ressource 
      0    0       0        0        6    1  2  3  4  5  6
      1    0       0       19        1    3
      2    0       0       22        1    5
      3    0       0        8        1    6
      4    0      22       29        1    3
      5    0      19       35        1    6
      6    0      29       44        1    3
      7    0      35       47        1    6
      8    0       8       21        1    2
      9    1      47       58        2    1  2
     10    0      35       51        1    4
     11    0      58       79        1    1
     12    0      51       75        1    4
     13    0      44       59        1    3
     14    0      79       98        1    2
     15    0      59       83        1    5
     16    0      98      116        1    2
     17    0      59       73        1    6
     18    0      75       93        1    4
     19    0     116      138        1    3
     20    0      73       87        1    6
     21    0      79       95        1    1
     22    0      83       93        1    5
     23    0      93      108        1    6
     24    0     108      123        1    6
     25    0     138      148        1    3
     26    1     148      153        2    6  3
     27    0     138      147        1    5
     28    0     147      167        1    4
     29    0     148      162        1    2
     30    0     153      168        1    1
     31    0     168      168        6    1  2  3  4  5  6
**************************************************************************************************
Solution Instance : 15
Makespan : 124
**************************************************************************************************
 Task   Mode   Start   Finish   NbRess  Ressource 
      0    0       0        0        6    1  2  3  4  5  6
      1    0       0       19        1    4
      2    0       0       22        1    6
      3    0       0        8        1    1
      4    0      22       29        1    6
      5    0      19       35        1    5
      6    0      29       44        1    6
      7    0       8       20        1    1
      8    0       8       21        1    3
      9    0      44       66        1    1
     10    0      21       37        1    1
     11    0      21       42        1    4
     12    0      50       74        1    2
     13    0      21       36        1    3
     14    0      66       85        1    3
     15    0      54       78        1    5
     16    0      66       84        1    1
     17    0      36       50        1    3
     18    0      36       54        1    5
     19    0      97      119        1    5
     20    0      84       98        1    1
     21    0      66       82        1    4
     22    0      74       84        1    6
     23    0      84       99        1    6
     24    0      82       97        1    2
     25    0      54       64        1    3
     26    0      54       63        1    6
     27    1     119      124        2    1  6
     28    0      99      119        1    1
     29    0      99      113        1    6
     30    0      97      112        1    2
     31    0     124      124        6    1  2  3  4  5  6
**************************************************************************************************
Solution Instance : 16
Makespan : 196
**************************************************************************************************
 Task   Mode   Start   Finish   NbRess  Ressource 
      0    0       0        0        6    1  2  3  4  5  6
      1    0       0       19        1    1
      2    0       0       22        1    6
      3    0      19       27        1    1
      4    0      19       26        1    5
      5    0      27       43        1    6
      6    0      43       58        1    6
      7    0      27       39        1    3
      8    0      27       40        1    1
      9    0      40       62        1    1
     10    0      58       74        1    3
     11    1      74       85        2    2  3
     12    0      85      109        1    2
     13    0      58       73        1    4
     14    0     109      128        1    2
     15    0      73       97        1    6
     16    0      85      103        1    3
     17    0      73       87        1    4
     18    0      73       91        1    5
     19    0     128      150        1    1
     20    0      91      105        1    5
     21    0     150      166        1    1
     22    0     105      115        1    6
     23    0     115      130        1    4
     24    0     130      145        1    5
     25    0     166      176        1    1
     26    0     145      154        1    6
     27    0     154      163        1    6
     28    0     176      196        1    1
     29    1     163      170        2    3  6
     30    0     176      191        1    2
     31    0     196      196        6    1  2  3  4  5  6
**************************************************************************************************
Solution Instance : 17
Makespan : 111
**************************************************************************************************
 Task   Mode   Start   Finish   NbRess  Ressource 
      0    0       0        0        6    1  2  3  4  5  6
      1    0      46       65        1    5
      2    0       0       22        1    1
      3    0       0        8        1    6
      4    0      65       72        1    6
      5    0       8       24        1    4
      6    0      40       55        1    1
      7    0       8       20        1    6
      8    0       8       21        1    2
      9    0      24       46        1    6
     10    0      24       40        1    1
     11    0      21       42        1    5
     12    0      22       46        1    2
     13    0      21       36        1    3
     14    0      46       65        1    2
     15    0      36       60        1    4
     16    0      46       64        1    6
     17    0      36       50        1    3
     18    0      50       68        1    3
     19    0      68       90        1    3
     20    0      72       86        1    6
     21    0      65       81        1    2
     22    0      55       65        1    1
     23    0      65       80        1    1
     24    0      72       87        1    5
     25    0      87       97        1    4
     26    0      86       95        1    6
     27    0      80       89        1    1
     28    0      90      110        1    1
     29    0      97      111        1    6
     30    0      89      104        1    5
     31    0     111      111        6    1  2  3  4  5  6
**************************************************************************************************
Solution Instance : 18
Makespan : 181
**************************************************************************************************
 Task   Mode   Start   Finish   NbRess  Ressource 
      0    0       0        0        6    1  2  3  4  5  6
      1    0       0       19        1    4
      2    0       0       22        1    1
      3    0       0        8        1    6
      4    0      19       26        1    6
      5    0      22       38        1    2
      6    0      26       41        1    6
      7    0      38       50        1    1
      8    0      38       51        1    2
      9    0      41       63        1    6
     10    1      63       71        2    6  1
     11    0      51       72        1    2
     12    0      71       95        1    5
     13    0      71       86        1    4
     14    0      72       91        1    3
     15    0      91      115        1    3
     16    0      95      113        1    1
     17    0     115      129        1    5
     18    0      91      109        1    2
     19    0     115      137        1    2
     20    0     115      129        1    1
     21    0     115      131        1    3
     22    0     129      139        1    1
     23    0     137      152        1    6
     24    0     129      144        1    5
     25    0     129      139        1    4
     26    0     152      161        1    6
     27    0     139      148        1    1
     28    0     161      181        1    6
     29    0     148      162        1    1
     30    0     139      154        1    2
     31    0     181      181        6    1  2  3  4  5  6
**************************************************************************************************
Solution Instance : 19
Makespan : 186
**************************************************************************************************
 Task   Mode   Start   Finish   NbRess  Ressource 
      0    0       0        0        6    1  2  3  4  5  6
      1    0       0       19        1    1
      2    0      19       41        1    1
      3    0       0        8        1    6
      4    0       0        7        1    2
      5    0      41       57        1    1
      6    0       8       23        1    6
      7    0       7       19        1    2
      8    0      57       70        1    1
      9    0      23       45        1    6
     10    1      70       78        2    3  2
     11    0      78       99        1    2
     12    0      45       69        1    4
     13    0      45       60        1    5
     14    0      78       97        1    3
     15    0      99      123        1    1
     16    0     123      141        1    4
     17    0      97      111        1    5
     18    0      97      115        1    3
     19    0     115      137        1    6
     20    0     111      125        1    5
     21    0     123      139        1    1
     22    0     137      147        1    6
     23    0     137      152        1    2
     24    1     152      160        2    2  3
     25    0     147      157        1    6
     26    0     157      166        1    6
     27    0     160      169        1    1
     28    0     166      186        1    6
     29    0     169      183        1    5
     30    0     147      162        1    4
     31    0     186      186        6    1  2  3  4  5  6
**************************************************************************************************
Solution Instance : 20
Makespan : 137
**************************************************************************************************
 Task   Mode   Start   Finish   NbRess  Ressource 
      0    0       0        0        6    1  2  3  4  5  6
      1    0      53       72        1    4
      2    0       0       22        1    2
      3    0       0        8        1    1
      4    0      22       29        1    6
      5    0      23       39        1    1
      6    0       8       23        1    3
      7    0       8       20        1    1
      8    0       8       21        1    6
      9    0      39       61        1    3
     10    1      50       58        2    1  6
     11    1      39       50        2    1  6
     12    0      29       53        1    4
     13    0      21       36        1    5
     14    0      61       80        1    2
     15    0      36       60        1    5
     16    0      61       79        1    3
     17    0      72       86        1    1
     18    0      36       54        1    2
     19    0      80      102        1    4
     20    0      86      100        1    3
     21    0      86      102        1    1
     22    0      86       96        1    5
     23    0     102      117        1    6
     24    0      61       76        1    6
     25    0     102      112        1    3
     26    0      76       85        1    6
     27    0     112      121        1    1
     28    0     117      137        1    6
     29    0      85       99        1    6
     30    0     121      136        1    1
     31    0     137      137        6    1  2  3  4  5  6
**************************************************************************************************
Solution Instance : 21
Makespan : 114
**************************************************************************************************
 Task   Mode   Start   Finish   NbRess  Ressource 
      0    0       0        0        6    1  2  3  4  5  6
      1    0       0       19        1    3
      2    0       0       22        1    5
      3    0       0        8        1    1
      4    0      40       47        1    6
      5    0      47       63        1    6
      6    0      19       34        1    3
      7    0       8       20        1    6
      8    0       8       21        1    1
      9    0      63       85        1    2
     10    1      32       40        2    1  6
     11    1      21       32        2    6  1
     12    0      31       55        1    4
     13    0      21       36        1    2
     14    0      55       74        1    5
     15    0      36       60        1    3
     16    0      69       87        1    4
     17    0      55       69        1    1
     18    0      36       54        1    5
     19    0      60       82        1    3
     20    0      87      101        1    4
     21    0      89      105        1    1
     22    0      55       65        1    4
     23    0      74       89        1    1
     24    0      79       94        1    6
     25    0      87       97        1    5
     26    0      22       31        1    5
     27    0     105      114        1    1
     28    0      94      114        1    6
     29    0      65       79        1    6
     30    0      40       55        1    1
     31    0     114      114        6    1  2  3  4  5  6
**************************************************************************************************
Solution Instance : 22
Makespan : 181
**************************************************************************************************
 Task   Mode   Start   Finish   NbRess  Ressource 
      0    0       0        0        6    1  2  3  4  5  6
      1    0       0       19        1    2
      2    0       0       22        1    1
      3    0      22       30        1    1
      4    0      30       37        1    1
      5    0      19       35        1    3
      6    0      37       52        1    6
      7    0      52       64        1    6
      8    0      35       48        1    5
      9    0      37       59        1    1
     10    0      64       80        1    6
     11    0      64       85        1    5
     12    0      80      104        1    4
     13    0      52       67        1    2
     14    0      85      104        1    5
     15    0      80      104        1    3
     16    0     104      122        1    6
     17    0     104      118        1    2
     18    0     104      122        1    3
     19    0     104      126        1    4
     20    0     104      118        1    1
     21    0     122      138        1    3
     22    0     126      136        1    6
     23    0     138      153        1    1
     24    0     118      133        1    5
     25    0     138      148        1    3
     26    0     136      145        1    6
     27    0     148      157        1    6
     28    1     157      167        2    1  6
     29    0     167      181        1    1
     30    0     153      168        1    3
     31    0     181      181        6    1  2  3  4  5  6
**************************************************************************************************
Solution Instance : 23
Makespan : 161
**************************************************************************************************
 Task   Mode   Start   Finish   NbRess  Ressource 
      0    0       0        0        0
      1    0       0       19        1    1
      2    0       0       22        0
      3    0       0        8        0
      4    0      19       26        0
      5    0      22       38        0
      6    0      26       41        0
      7    0      38       50        0
      8    0      38       51        0
      9    0      38       60        0
     10    0      38       54        1    5
     11    0      60       81        0
     12    0      54       78        0
     13    0      54       69        0
     14    0      69       88        0
     15    0      78      102        0
     16    0      88      106        0
     17    0     102      116        0
     18    0     102      120        0
     19    0     102      124        1    6
     20    0     102      116        0
     21    0     124      140        0
     22    0     116      126        0
     23    0     116      131        0
     24    0     126      141        0
     25    0     131      141        0
     26    0     141      150        0
     27    1     141      146        2    2  1
     28    0     141      161        0
     29    0     141      155        0
     30    0     141      156        0
     31    0     161      161        0
**************************************************************************************************
Solution Instance : 24
Makespan : 155
**************************************************************************************************
 Task   Mode   Start   Finish   NbRess  Ressource 
      0    0       0        0        0
      1    0       0       19        0
      2    0       0       22        0
      3    0       0        8        0
      4    0      19       26        0
      5    0      22       38        0
      6    0      26       41        0
      7    0      26       38        0
      8    0      38       51        1    6
      9    0      38       60        0
     10    0      41       57        0
     11    0      60       81        0
     12    0      51       75        0
     13    0      60       75        0
     14    0      60       79        0
     15    0      81      105        0
     16    0      79       97        0
     17    0      79       93        0
     18    0      93      111        0
     19    0      97      119        0
     20    0     111      125        0
     21    0     119      135        0
     22    0      75       85        0
     23    0     111      126        0
     24    0      85      100        0
     25    0     125      135        0
     26    0     119      128        0
     27    0     119      128        0
     28    0     135      155        0
     29    0     135      149        0
     30    0     128      143        0
     31    0     155      155        0
**************************************************************************************************
Solution Instance : 25
Makespan : 144
**************************************************************************************************
 Task   Mode   Start   Finish   NbRess  Ressource 
      0    0       0        0        6    1  2  3  4  5  6
      1    0      22       41        1    5
      2    0       0       22        1    6
      3    0       0        8        1    3
      4    0       0        7        1    5
      5    0      41       57        1    6
      6    0       8       23        1    3
      7    0      29       41        1    2
      8    0      57       70        1    3
      9    0       7       29        1    4
     10    0      70       86        1    2
     11    0      41       62        1    5
     12    0      70       94        1    4
     13    0      70       85        1    3
     14    0      41       60        1    1
     15    0      95      119        1    5
     16    0      94      112        1    4
     17    0      62       76        1    5
     18    0      95      113        1    6
     19    0      60       82        1    1
     20    0     119      133        1    3
     21    0     119      135        1    5
     22    1      90       95        2    6  5
     23    1      82       90        2    5  6
     24    0     113      128        1    6
     25    0      82       92        1    1
     26    0     135      144        1    3
     27    0      92      101        1    1
     28    1     133      143        2    1  2
     29    0     128      142        1    4
     30    0     128      143        1    6
     31    0     144      144        6    1  2  3  4  5  6
**************************************************************************************************
Solution Instance : 26
Makespan : 114
**************************************************************************************************
 Task   Mode   Start   Finish   NbRess  Ressource 
      0    0       0        0        6    1  2  3  4  5  6
      1    0      16       35        1    4
      2    0       0       22        1    6
      3    0       0        8        1    2
      4    0      58       65        1    6
      5    0       0       16        1    4
      6    0      35       50        1    5
      7    1      81       87        2    4  6
      8    0      35       48        1    4
      9    0      22       44        1    1
     10    1      16       24        2    2  3
     11    0      50       71        1    5
     12    0      39       63        1    2
     13    0      24       39        1    2
     14    0      39       58        1    6
     15    0      24       48        1    3
     16    0      71       89        1    1
     17    0      48       62        1    3
     18    0      48       66        1    4
     19    0      48       70        1    1
     20    0      65       79        1    6
     21    0      89      105        1    4
     22    1      87       92        2    2  5
     23    1      79       87        2    2  5
     24    0      66       81        1    4
     25    0      87       97        1    6
     26    0     105      114        1    4
     27    0      97      106        1    6
     28    1      92      102        2    1  2
     29    0      81       95        1    3
     30    0      97      112        1    3
     31    0     114      114        6    1  2  3  4  5  6
**************************************************************************************************
Solution Instance : 27
Makespan : 127
**************************************************************************************************
 Task   Mode   Start   Finish   NbRess  Ressource 
      0    0       0        0        0
      1    0       0       19        0
      2    0       0       22        0
      3    0       0        8        0
      4    0      22       29        0
      5    0      19       35        0
      6    0      29       44        0
      7    0       8       20        0
      8    0       8       21        1    6
      9    0      44       66        0
     10    0      21       37        0
     11    0      21       42        0
     12    0      35       59        0
     13    0      35       50        1    3
     14    0      66       85        0
     15    0      50       74        0
     16    0      50       68        0
     17    0      68       82        0
     18    0      74       92        0
     19    0      85      107        0
     20    0      82       96        0
     21    0      59       75        0
     22    1      92       97        2    1  6
     23    0      82       97        0
     24    0      92      107        0
     25    0      96      106        0
     26    0      92      101        0
     27    0      92      101        0
     28    0     107      127        0
     29    0     106      120        0
     30    0     107      122        0
     31    0     127      127        0
**************************************************************************************************
Solution Instance : 28
Makespan : 134
**************************************************************************************************
 Task   Mode   Start   Finish   NbRess  Ressource 
      0    0       0        0        6    1  2  3  4  5  6
      1    0       0       19        1    6
      2    0       0       22        1    5
      3    0       0        8        1    1
      4    0      37       44        1    6
      5    0      19       35        1    6
      6    0      22       37        1    2
      7    0       8       20        1    1
      8    0       8       21        1    3
      9    0      50       72        1    6
     10    0      21       37        1    1
     11    0      22       43        1    5
     12    0      44       68        1    3
     13    0      35       50        1    4
     14    0      72       91        1    3
     15    0      68       92        1    5
     16    0      72       90        1    1
     17    0      50       64        1    5
     18    0      90      108        1    6
     19    0      92      114        1    3
     20    0      64       78        1    4
     21    0      92      108        1    5
     22    1     108      113        2    6  5
     23    0      72       87        1    6
     24    1     113      121        2    6  5
     25    0     114      124        1    3
     26    1     113      118        2    2  1
     27    1     108      113        2    4  2
     28    0     114      134        1    4
     29    1     124      131        2    1  2
     30    1     121      129        2    5  6
     31    0     134      134        6    1  2  3  4  5  6
**************************************************************************************************
Solution Instance : 29
Makespan : 188
**************************************************************************************************
 Task   Mode   Start   Finish   NbRess  Ressource 
      0    0       0        0        6    1  2  3  4  5  6
      1    0       0       19        1    6
      2    0      75       97        1    4
      3    0      19       27        1    6
      4    0      19       26        1    1
      5    0       0       16        1    4
      6    0      38       53        1    4
      7    0      56       68        1    5
      8    1      68       75        2    4  6
      9    0      16       38        1    4
     10    0      16       32        1    2
     11    0      75       96        1    2
     12    0     110      134        1    1
     13    0     106      121        1    5
     14    0     134      153        1    2
     15    0      32       56        1    6
     16    0     153      171        1    5
     17    0      96      110        1    3
     18    0      68       86        1    5
     19    0      90      112        1    6
     20    0      56       70        1    2
     21    1     171      179        2    6  4
     22    0     122      132        1    6
     23    0      70       85        1    1
     24    0      75       90        1    6
     25    0     112      122        1    6
     26    0      97      106        1    4
     27    0     179      188        1    4
     28    0     106      126        1    4
     29    0     153      167        1    2
     30    0     122      137        1    3
     31    0     188      188        6    1  2  3  4  5  6
